060500000004080020002000000600010000080039000070000361000800205000000430021003000
300670080600000100090030000020000000070900060010080070500400000000010004007500009
000001030000400007079000000000608000020940000400000010000000100008007250206030079
400000805030000000000700000020000060000080400000010000000603070500200000104000000
100003060094000000000906020000000000032004000500300001070080043040001502009000000
000000200080007090602000500070060000000901000000020040005000603090400070006000000
910060000000500094082000000000005001020041003000000500100000005840000006000306700
060300000003080000100020000000200509070000130008600002031007800000000070050104000
000400008050031060020000100007060000900080050083010002000300000000090070034700000
040000500100906003070000006706000040030000008000081600004000100000800290090040000
000070040031000760500008000000060900003090001040000003000000052006050000800401000
107000004900000080500901000000040703850000000000036200720000000019000060008007000
005000008010609000002010000000700046039000070000020300000800051403070000006000000
000001030000400007079000000000608000020940000400000010000000100008007250206030079
040050600009718000000004000936000010000000000208000940000300002007009500160200000
000384000340700010000600005000000001000038020060000740026000000000010000407000200
300000000005009000200504000020000700160000058704310600000890100000067080000005437
097200006000040800000000001000060000023080000000710008070000425000001070040000000
050004000807100006040025001000037080000000270015000000000072000000000300430006020
000010098700600300000070100043002000002050070600084030400007000000529000000000620